!:0.0609994750131
#:0.0150006249844
$:0.0040008999775
&:0.00200094997625
,:0.0100007499813
A:0.0390000249994
@:0.290993725157
E:0.00500087497813
D:0.0250003749906
G:0.00900077498063
M:0.00200094997625
L:0.0439999000025
O:0.07199920002
N:0.0649993750156
P:0.0200004999875
S:0.00200094997625
R:0.0250003749906
U:0.00600084997875
T:9.99975000625e-07
V:0.0839989000275
Y:9.99975000625e-07
X:9.99975000625e-07
Z:9.99975000625e-07
^:0.063999400015
~:0.154997125072
