! !:0.0810779971474 #:0.00901133548532 $:0.00300578034682 &:0.00300578034682 ,:0.420391862473 A:0.0270280009008 @:0.0180196681931 E:0.0180196681931 D:0.0210224457623 G:0.0120141130546 M:3.00277756925e-06 L:0.0510502214548 O:0.135127993394 N:0.0360363336086 P:0.0240252233316 S:3.00277756925e-06 R:0.0300307784701 U:0.0120141130546 T:3.00277756925e-06 V:0.0300307784701 Y:3.00277756925e-06 X:3.00277756925e-06 Z:3.00277756925e-06 ^:0.0360363336086 ~:0.0330335560393 
# !:0.012056609455 #:0.505883769949 $:0.0241011743451 &:1.20445648901e-05 ,:0.0963685636856 A:0.012056609455 @:1.20445648901e-05 E:1.20445648901e-05 D:0.0361457392352 G:0.0241011743451 M:1.20445648901e-05 L:1.20445648901e-05 O:0.0481903041253 N:0.0361457392352 P:0.0361457392352 S:1.20445648901e-05 R:0.012056609455 U:0.012056609455 T:1.20445648901e-05 V:0.0361457392352 Y:1.20445648901e-05 X:1.20445648901e-05 Z:1.20445648901e-05 ^:0.0481903041253 ~:0.0602348690154 
$ !:0.00975978539203 #:4.87745396903e-06 $:0.0195146933301 &:0.0292696012681 ,:0.243877575905 A:0.0439019631752 @:4.87745396903e-06 E:0.004882331423 D:4.87745396903e-06 G:0.0146372393611 M:0.004882331423 L:4.87745396903e-06 O:0.0243921472991 N:0.336549201317 P:0.17071576637 S:4.87745396903e-06 R:0.0146372393611 U:0.00975978539203 T:4.87745396903e-06 V:0.0195146933301 Y:4.87745396903e-06 X:4.87745396903e-06 Z:4.87745396903e-06 ^:0.0487794171443 ~:0.004882331423 
& !:0.0167388348499 #:4.18366279678e-06 $:0.0125551720531 &:4.18366279678e-06 ,:0.00837150925635 A:0.0669427884113 @:0.0167388348499 E:4.18366279678e-06 D:0.0669427884113 G:0.00418784645958 M:4.18366279678e-06 L:0.0502081372241 O:0.184085346721 N:0.154799707144 P:0.0292898232402 S:4.18366279678e-06 R:0.0878611023951 U:0.00837150925635 T:4.18366279678e-06 V:0.209187323502 Y:4.18366279678e-06 X:4.18366279678e-06 Z:4.18366279678e-06 ^:0.0836774395984 ~:4.18366279678e-06 
, !:0.0865955083677 #:0.0233436870541 $:0.0263556785452 &:0.0353916530186 ,:0.0256026806724 A:0.0384036445097 @:0.0165667061991 E:0.033885657273 D:0.0466866211103 G:0.0173197040718 M:7.52997872781e-07 L:0.051204608347 O:0.117468421152 N:0.0737945445304 P:0.033885657273 S:0.000753750870654 R:0.0572285913292 U:0.0685235594209 T:7.52997872781e-07 V:0.127257393498 Y:0.00150674874343 X:0.00225974661622 Z:0.000753750870654 ^:0.0783125317671 ~:0.0368976487641 
A !:0.0108853440359 #:0.00136185844019 $:0.0217693275739 &:0.0204088296316 ,:0.157819121799 A:0.0408162987653 @:0.00544335226693 E:0.00952484609367 D:0.00952484609367 G:0.00816434815142 M:1.36049794225e-06 L:0.00680385020918 O:0.0122458419782 N:0.492501615591 P:0.111562191762 S:0.00136185844019 R:0.0244903234584 U:0.00136185844019 T:1.36049794225e-06 V:0.0149668378627 Y:1.36049794225e-06 X:1.36049794225e-06 Z:1.36049794225e-06 ^:0.0448977925921 ~:0.00408285432468 
@ !:0.149636344016 #:0.00431783029387 $:0.00575662745944 &:0.0143894104529 ,:0.047481745261 A:0.0302161792741 @:0.0805740800691 E:0.0115118161217 D:0.017267004784 G:0.00863422179058 M:1.43879716557e-06 L:0.0302161792741 O:0.0805740800691 N:0.0446041509298 P:0.027338584943 S:1.43879716557e-06 R:0.0345325707708 U:0.0100730189562 T:1.43879716557e-06 V:0.0748188914068 Y:1.43879716557e-06 X:0.0028790331283 Z:1.43879716557e-06 ^:0.0258997877774 ~:0.299271249236 
E !:0.115360461391 #:0.0256456264018 $:0.0128292214034 &:0.0256456264018 ,:0.102544056392 A:1.28164049984e-05 @:1.28164049984e-05 E:0.256340916373 D:0.0128292214034 G:0.0256456264018 M:1.28164049984e-05 L:0.0512784363986 O:0.102544056392 N:0.0128292214034 P:0.0256456264018 S:1.28164049984e-05 R:0.0256456264018 U:0.064094841397 T:1.28164049984e-05 V:0.064094841397 Y:1.28164049984e-05 X:1.28164049984e-05 Z:1.28164049984e-05 ^:0.0128292214034 ~:0.064094841397 
D !:1.15336928001e-06 #:1.15336928001e-06 $:0.0253752775295 &:1.15336928001e-06 ,:0.0126882154494 A:0.202994146651 @:0.0023078919293 E:1.15336928001e-06 D:0.00346126120931 G:0.00807473832934 M:1.15336928001e-06 L:1.15336928001e-06 O:0.00461463048932 N:0.606673394654 P:0.00346126120931 S:0.00807473832934 R:0.0115348461694 U:1.15336928001e-06 T:1.15336928001e-06 V:0.00922810760935 Y:1.15336928001e-06 X:1.15336928001e-06 Z:0.00115452264929 ^:0.09573080361 ~:0.00461463048932 
G !:0.031497736666 #:7.87246604999e-06 $:0.023625270616 &:0.00788033851604 ,:0.141712261366 A:0.039370202716 @:0.039370202716 E:0.00788033851604 D:0.039370202716 G:0.133839795316 M:7.87246604999e-06 L:7.87246604999e-06 O:0.062987600866 N:0.039370202716 P:0.023625270616 S:7.87246604999e-06 R:0.015752804566 U:0.078732532966 T:7.87246604999e-06 V:0.031497736666 Y:7.87246604999e-06 X:7.87246604999e-06 Z:7.87246604999e-06 ^:0.0944774650659 ~:0.188947057666 
M !:0.000330578512397 #:0.000330578512397 $:0.000330578512397 &:0.000330578512397 ,:0.000330578512397 A:0.330909090909 @:0.000330578512397 E:0.000330578512397 D:0.000330578512397 G:0.000330578512397 M:0.000330578512397 L:0.000330578512397 O:0.000330578512397 N:0.000330578512397 P:0.000330578512397 S:0.000330578512397 R:0.000330578512397 U:0.000330578512397 T:0.000330578512397 V:0.661487603306 Y:0.000330578512397 X:0.000330578512397 Z:0.000330578512397 ^:0.000330578512397 ~:0.000330578512397 
L !:3.98366696544e-06 #:3.98366696544e-06 $:0.0278896524251 &:3.98366696544e-06 ,:0.00398765063241 A:0.16333432925 @:3.98366696544e-06 E:3.98366696544e-06 D:0.103579324768 G:0.00398765063241 M:3.98366696544e-06 L:0.00398765063241 O:0.0239059854596 N:0.0557753211831 P:0.0916283238721 S:3.98366696544e-06 R:0.179268997112 U:3.98366696544e-06 T:0.0159386515287 V:0.318697340902 Y:3.98366696544e-06 X:3.98366696544e-06 Z:3.98366696544e-06 ^:0.00797131759785 ~:3.98366696544e-06 
O !:0.00767095707198 #:0.00191845833034 $:0.00191845833034 &:0.0124647060233 ,:0.110257184631 A:0.0210934541358 @:0.00191845833034 E:0.00575345749143 D:0.0153409553942 G:0.00191845833034 M:9.58749790273e-07 L:0.00191845833034 O:0.0210934541358 N:0.0249284532969 P:0.0517734474246 S:9.58749790273e-07 R:0.0910821888258 U:0.000959708540064 T:0.0143822056039 V:0.603054576832 Y:9.58749790273e-07 X:0.000959708540064 Z:9.58749790273e-07 ^:0.00479470770116 ~:0.00479470770116 
N !:0.011381642762 #:0.00465643227584 $:0.00517375615939 &:0.0387998085902 ,:0.298496398132 A:0.00982967111134 @:0.00569108004294 E:0.0108643188784 D:0.00827769946069 G:0.0124162905291 M:5.1732388355e-07 L:0.00103516509098 O:0.0253493876179 N:0.153645710738 P:0.20486077521 S:0.000517841207434 R:0.0413864280079 U:0.0144855860633 T:0.00206981285809 V:0.129331488211 Y:5.1732388355e-07 X:5.1732388355e-07 Z:0.000517841207434 ^:0.0129336144126 ~:0.00827769946069 
P !:0.000803354667844 #:0.00160590678357 $:0.0353130956441 &:0.0024084588993 ,:0.0337079914127 A:0.0409309604542 @:0.020867157561 E:0.000803354667844 D:0.231135811882 G:0.00642121947794 M:8.02552115728e-07 L:0.020867157561 O:0.133224453763 N:0.119581067796 P:0.0192620533296 S:0.0024084588993 R:0.0192620533296 U:0.00321101101503 T:8.02552115728e-07 V:0.153288256656 Y:8.02552115728e-07 X:0.00401356313076 Z:0.00561866736221 ^:0.140447422805 ~:0.00481611524648 
S !:5.54785020804e-05 #:5.54785020804e-05 $:5.54785020804e-05 &:5.54785020804e-05 ,:0.0555339805825 A:0.111012482663 @:0.0555339805825 E:5.54785020804e-05 D:5.54785020804e-05 G:5.54785020804e-05 M:5.54785020804e-05 L:5.54785020804e-05 O:5.54785020804e-05 N:0.776754507628 P:5.54785020804e-05 S:5.54785020804e-05 R:5.54785020804e-05 U:5.54785020804e-05 T:5.54785020804e-05 V:5.54785020804e-05 Y:5.54785020804e-05 X:5.54785020804e-05 Z:5.54785020804e-05 ^:5.54785020804e-05 ~:5.54785020804e-05 
R !:0.00589227200766 #:0.00294687235374 $:0.00589227200766 &:0.00883767166157 ,:0.163471153492 A:0.151689554876 @:0.00147417252678 E:0.0103103714885 D:0.0353462685468 G:0.00589227200766 M:1.47269982696e-06 L:0.0191465704503 O:0.0751091638747 N:0.0147284709694 P:0.111926659549 S:1.47269982696e-06 R:0.0854180626634 U:0.00294687235374 T:1.47269982696e-06 V:0.281287139649 Y:1.47269982696e-06 X:1.47269982696e-06 Z:0.00147417252678 ^:0.0117830713155 ~:0.0044195721807 
U !:0.031749305831 #:0.238016660056 $:0.031749305831 &:0.0634827449425 ,:0.11108290361 A:0.0158825862753 @:0.031749305831 E:0.031749305831 D:1.58667195557e-05 G:0.0476160253868 M:1.58667195557e-05 L:1.58667195557e-05 O:0.0158825862753 N:1.58667195557e-05 P:0.0952161840539 S:1.58667195557e-05 R:1.58667195557e-05 U:0.0476160253868 T:1.58667195557e-05 V:0.0634827449425 Y:1.58667195557e-05 X:1.58667195557e-05 Z:1.58667195557e-05 ^:1.58667195557e-05 ~:0.174549781833 
T !:0.0113717693837 #:1.13604089747e-05 $:1.13604089747e-05 &:0.0113717693837 ,:0.204498721954 A:0.0227321783584 @:1.13604089747e-05 E:0.0113717693837 D:0.159057086055 G:0.0227321783584 M:1.13604089747e-05 L:1.13604089747e-05 O:0.0340925873331 N:0.0908946322068 P:0.249940357853 S:1.13604089747e-05 R:0.0681738142573 U:1.13604089747e-05 T:1.13604089747e-05 V:0.0568134052826 Y:1.13604089747e-05 X:1.13604089747e-05 Z:1.13604089747e-05 ^:0.0568134052826 ~:1.13604089747e-05 
V !:0.00411187629196 #:0.00137092998024 $:0.010507417686 &:0.010507417686 ,:0.0817720217905 A:0.0580171537557 @:0.00822329575953 E:0.00182775436553 D:0.145727435731 G:0.0027414031361 M:4.56824385286e-07 L:0.0100505933007 O:0.146184260116 N:0.0639558707644 P:0.163086762371 S:0.000457281209671 R:0.074462831626 U:0.000914105594957 T:0.0310645150238 V:0.15257980151 Y:4.56824385286e-07 X:0.000457281209671 Z:0.000914105594957 ^:0.0283235687121 ~:0.0027414031361 
Y !:0.000493827160494 #:0.000493827160494 $:0.000493827160494 &:0.000493827160494 ,:0.000493827160494 A:0.000493827160494 @:0.000493827160494 E:0.000493827160494 D:0.988148148148 G:0.000493827160494 M:0.000493827160494 L:0.000493827160494 O:0.000493827160494 N:0.000493827160494 P:0.000493827160494 S:0.000493827160494 R:0.000493827160494 U:0.000493827160494 T:0.000493827160494 V:0.000493827160494 Y:0.000493827160494 X:0.000493827160494 Z:0.000493827160494 ^:0.000493827160494 ~:0.000493827160494 
X !:6.65557404326e-05 #:6.65557404326e-05 $:6.65557404326e-05 &:6.65557404326e-05 ,:0.066622296173 A:6.65557404326e-05 @:6.65557404326e-05 E:6.65557404326e-05 D:0.465956738769 G:6.65557404326e-05 M:6.65557404326e-05 L:6.65557404326e-05 O:6.65557404326e-05 N:6.65557404326e-05 P:6.65557404326e-05 S:6.65557404326e-05 R:6.65557404326e-05 U:6.65557404326e-05 T:6.65557404326e-05 V:0.465956738769 Y:6.65557404326e-05 X:6.65557404326e-05 Z:6.65557404326e-05 ^:6.65557404326e-05 ~:6.65557404326e-05 
Z !:4.75624256837e-05 #:4.75624256837e-05 $:4.75624256837e-05 &:4.75624256837e-05 ,:0.0476099881094 A:0.237859690844 @:4.75624256837e-05 E:4.75624256837e-05 D:4.75624256837e-05 G:4.75624256837e-05 M:4.75624256837e-05 L:4.75624256837e-05 O:4.75624256837e-05 N:0.475671819263 P:0.0476099881094 S:4.75624256837e-05 R:4.75624256837e-05 U:4.75624256837e-05 T:4.75624256837e-05 V:0.0476099881094 Y:4.75624256837e-05 X:4.75624256837e-05 Z:4.75624256837e-05 ^:0.142734839477 ~:4.75624256837e-05 
^ !:0.00809340770498 #:0.00231322794139 $:0.0277460189012 &:0.0335261986648 ,:0.24854888587 A:0.0173416953267 @:0.00346926389411 E:0.0104054796104 D:0.00462529984683 G:0.00693737175226 M:1.15603595272e-06 L:0.00346926389411 O:0.0092494436577 N:0.122540967024 P:0.0670512412936 S:0.00231322794139 R:0.0173416953267 U:0.0219658391376 T:0.00115719198867 V:0.122540967024 Y:1.15603595272e-06 X:1.15603595272e-06 Z:0.00809340770498 ^:0.256641137539 ~:0.00462529984683 
~ !:0.033138735929 #:0.0175449539496 $:0.00974806295989 &:0.00195117197018 ,:0.033138735929 A:0.0175449539496 @:0.504850640807 E:0.00779884021247 D:0.0233926221919 G:0.00195117197018 M:1.94922274743e-06 L:0.0233926221919 O:0.0506817406559 N:0.0389864041713 P:0.0155957312022 S:1.94922274743e-06 R:0.0214433994445 U:0.0682247453828 T:1.94922274743e-06 V:0.0370371814239 Y:1.94922274743e-06 X:0.00584961746504 Z:0.00195117197018 ^:0.0428848496662 ~:0.0428848496662 
